0, 0
1, 0
2, 0
2, 1
3, 1
4, 1
4, 2
5, 2
6, 2
7, 2
8, 2
9, 2
10, 2
11, 2
12, 2
12, 3
12, 4
12, 5
12, 6
12, 7
13, 7
14, 7
14, 8
14, 9
15, 9
16, 9
17, 9
18, 9
19, 9
20, 9
21, 9
22, 9
23, 9
23, 10
24, 10
24, 11
25, 11
26, 11
26, 12
27, 12
28, 12
28, 13
29, 13
30, 13
30, 14
31, 14
32, 14
33, 14
33, 15
34, 15
34, 16
35, 16
36, 16
36, 17
36, 18
36, 19
36, 20
36, 21
36, 22
37, 22
37, 23
37, 24
37, 25
37, 26
37, 27
37, 28
37, 29
37, 30
37, 31
37, 32
38, 32
38, 33
39, 33
39, 34
40, 34
40, 35
40, 36
40, 37
40, 38
41, 38
41, 39
41, 40
42, 40
42, 41
42, 42
42, 43
42, 44
42, 45
43, 45
44, 45
45, 45
46, 45
47, 45
48, 45
49, 45
50, 45
50, 46
51, 46
52, 46
53, 46
54, 46
55, 46
55, 47
56, 47
57, 47
57, 48
58, 48
58, 49
58, 50
58, 51
59, 51
60, 51
61, 51
62, 51
63, 51
63, 50
63, 49
64, 49
65, 49
66, 49
67, 49
68, 49
69, 49
70, 49
71, 49
72, 49
73, 49
74, 49
75, 49
76, 49
77, 49
78, 49
79, 49
80, 49
81, 49
82, 49
82, 50
82, 51
83, 51
83, 52
84, 52
84, 53
85, 53
86, 53
87, 53
88, 53
89, 53
90, 53
91, 53
92, 53
92, 54
93, 54
93, 55
94, 55
95, 55
96, 55
97, 55
98, 55
99, 55
100, 55
101, 55
101, 56
102, 56
103, 56
104, 56
104, 57
104, 58
105, 58
105, 59
106, 59
106, 60
107, 60
107, 61
108, 61
109, 61
109, 62
110, 62
111, 62
112, 62
113, 62
114, 62
114, 63
115, 63
116, 63
117, 63
118, 63
119, 63
120, 63
121, 63
121, 62
122, 62
123, 62
123, 63
124, 63
125, 63
125, 64
126, 64
127, 64
128, 64
128, 65
128, 66
129, 66
129, 67
129, 68
129, 69
129, 70
129, 71
130, 71
130, 72
131, 72
131, 73
131, 74
132, 74
133, 74
134, 74
134, 75
134, 76
135, 76
135, 77
136, 77
136, 78
136, 79
136, 80
137, 80
137, 81
137, 82
137, 83
137, 84
138, 84
139, 84
140, 84
141, 84
142, 84
143, 84
144, 84
145, 84
145, 85
145, 86
145, 87
145, 88
145, 89
145, 90
145, 91
145, 92
145, 93
146, 93
146, 94
146, 95
147, 95
148, 95
148, 96
149, 96
149, 97
149, 98
150, 98
151, 98
152, 98
153, 98
154, 98
155, 98
155, 99
155, 100
156, 100
157, 100
157, 101
157, 102
157, 103
157, 104
157, 105
157, 106
157, 107
157, 108
157, 109
157, 110
157, 111
158, 111
158, 112
158, 113
158, 114
158, 115
158, 116
158, 117
158, 118
159, 118
160, 118
160, 119
160, 120
160, 121
160, 122
160, 123
160, 124
160, 125
160, 126
160, 127
160, 128
160, 129
160, 130
160, 131
160, 132
161, 132
162, 132
162, 133
162, 134
163, 134
163, 135
163, 136
163, 137
164, 137
164, 138
165, 138
166, 138
167, 138
168, 138
169, 138
170, 138
171, 138
172, 138
173, 138
174, 138
174, 139
174, 140
175, 140
176, 140
177, 140
178, 140
178, 141
178, 142
178, 143
178, 144
179, 144
179, 145
180, 145
180, 146
181, 146
181, 147
181, 148
181, 149
181, 150
181, 151
182, 151
183, 151
184, 151
185, 151
186, 151
186, 152
186, 153
186, 154
186, 155
186, 156
187, 156
188, 156
189, 156
190, 156
191, 156
192, 156
192, 157
193, 157
193, 158
194, 158
195, 158
195, 159
196, 159
196, 160
196, 161
196, 162
197, 162
197, 163
197, 164
197, 165
197, 166
197, 167
197, 168
198, 168
198, 169
198, 170
199, 170
200, 170
200, 171
201, 171
202, 171
203, 171
204, 171
205, 171
206, 171
207, 171
207, 172
207, 173
208, 173
209, 173
210, 173
210, 174
211, 174
212, 174
213, 174
214, 174
215, 174
216, 174
217, 174
217, 175
218, 175
219, 175
220, 175
221, 175
222, 175
223, 175
224, 175
224, 176
224, 177
225, 177
225, 178
225, 179
225, 180
226, 180
227, 180
228, 180
228, 181
228, 182
228, 183
229, 183
230, 183
230, 184
231, 184
231, 185
231, 186
232, 186
232, 187
232, 188
233, 188
233, 189
234, 189
235, 189
235, 190
236, 190
236, 191
236, 192
236, 193
237, 193
237, 194
237, 195
238, 195
239, 195
239, 196
239, 197
240, 197
240, 198
240, 199
240, 200
240, 201
240, 202
240, 203
240, 204
240, 205
240, 206
241, 206
241, 207
241, 208
241, 209
241, 210
241, 211
241, 212
242, 212
242, 213
242, 214
242, 215
242, 216
242, 217
242, 218
243, 218
243, 219
244, 219
244, 220
244, 221
245, 221
245, 222
245, 223
245, 224
245, 225
245, 226
245, 227
246, 227
246, 228
246, 229
246, 230
246, 231
247, 231
247, 232
248, 232
249, 232
250, 232
250, 233
250, 234
250, 235
251, 235
252, 235
252, 236
252, 237
253, 237
254, 237
254, 238
254, 239
255, 239
256, 239
257, 239
257, 240
257, 241
258, 241
258, 242
259, 242
260, 242
261, 242
261, 243
261, 244
261, 245
261, 246
262, 246
263, 246
264, 246
264, 247
264, 248
264, 249
264, 250
265, 250
265, 251
266, 251
266, 252
266, 253
266, 254
266, 255
267, 255
267, 256
267, 257
267, 258
268, 258
269, 258
270, 258
270, 259
270, 260
271, 260
271, 261
271, 262
271, 263
271, 264
272, 264
273, 264
274, 264
274, 265
275, 265
276, 265
276, 266
276, 267
277, 267
277, 268
277, 269
277, 270
277, 271
277, 272
277, 273
278, 273
278, 274
278, 275
278, 276
278, 277
278, 278
278, 279
278, 280
279, 280
279, 281
280, 281
281, 281
281, 282
281, 283
281, 284
282, 284
282, 285
282, 286
283, 286
283, 287
284, 287
284, 288
285, 288
286, 288
286, 289
287, 289
288, 289
288, 290
289, 290
290, 290
290, 291
290, 292
291, 292
291, 293
291, 294
292, 294
293, 294
294, 294
295, 294
295, 295
296, 295
297, 295
298, 295
298, 296
299, 296
300, 296
301, 296
301, 297
302, 297
303, 297
303, 298
304, 298
305, 298
305, 299
306, 299
306, 300
307, 300
307, 301
307, 302
307, 303
308, 303
308, 304
308, 305
308, 306
309, 306
310, 306
311, 306
311, 307
311, 308
311, 309
312, 309
312, 310
312, 311
312, 312
312, 313
312, 314
313, 314
314, 314
315, 314
316, 314
317, 314
318, 314
319, 314
320, 314
320, 315
321, 315
322, 315
322, 316
323, 316
324, 316
325, 316
326, 316
327, 316
327, 317
328, 317
329, 317
330, 317
331, 317
332, 317
333, 317
334, 317
334, 318
335, 318
336, 318
337, 318
338, 318
339, 318
340, 318
341, 318
341, 319
341, 320
341, 321
342, 321
342, 322
342, 323
342, 324
343, 324
343, 325
343, 326
344, 326
345, 326
346, 326
347, 326
347, 327
348, 327
348, 328
349, 328
349, 329
350, 329
351, 329
351, 330
351, 331
351, 332
352, 332
353, 332
354, 332
354, 333
355, 333
356, 333
356, 334
356, 335
356, 336
356, 337
357, 337
358, 337
359, 337
360, 337
360, 338
360, 339
360, 340
361, 340
361, 341
362, 341
363, 341
363, 342
363, 343
363, 344
363, 345
363, 346
364, 346
365, 346
365, 347
365, 348
366, 348
366, 349
366, 350
366, 351
367, 351
368, 351
368, 352
368, 353
368, 354
368, 355
368, 356
368, 357
368, 358
368, 359
367, 359
367, 360
367, 361
367, 362
367, 363
367, 364
367, 365
368, 365
368, 366
368, 367
368, 368
368, 369
368, 370
368, 371
369, 371
369, 372
370, 372
371, 372
372, 372
373, 372
374, 372
374, 373
374, 374
375, 374
375, 375
376, 375
377, 375
377, 376
378, 376
378, 377
379, 377
380, 377
380, 378
381, 378
381, 379
381, 380
381, 381
381, 382
381, 383
381, 384
382, 384
382, 385
383, 385
384, 385
385, 385
386, 385
387, 385
387, 386
388, 386
388, 387
388, 388
388, 389
388, 390
388, 391
389, 391
389, 392
389, 393
389, 394
390, 394
390, 395
390, 396
390, 397
391, 397
391, 398
391, 399
392, 399
393, 399
394, 399
394, 400
394, 401
395, 401
396, 401
396, 402
397, 402
398, 402
399, 402
400, 402
401, 402
402, 402
402, 403
402, 404
402, 405
403, 405
403, 406
403, 407
404, 407
404, 408
404, 409
405, 409
405, 410
405, 411
406, 411
406, 412
406, 413
406, 414
406, 415
407, 415
407, 416
407, 417
407, 418
407, 419
408, 419
408, 420
408, 421
408, 422
409, 422
409, 423
409, 424
409, 425
410, 425
410, 426
410, 427
410, 428
410, 429
410, 430
411, 430
411, 431
411, 432
411, 433
411, 434
412, 434
412, 435
413, 435
414, 435
415, 435
415, 436
416, 436
416, 437
416, 438
416, 439
416, 440
415, 440
415, 441
415, 442
415, 443
415, 444
415, 445
415, 446
415, 447
416, 447
416, 448
417, 448
417, 449
417, 450
417, 451
417, 452
418, 452
419, 452
419, 453
420, 453
421, 453
422, 453
422, 454
423, 454
424, 454
425, 454
426, 454
427, 454
428, 454
428, 455
428, 456
428, 457
429, 457
430, 457
431, 457
432, 457
433, 457
433, 458
434, 458
434, 459
435, 459
435, 460
436, 460
437, 460
437, 461
437, 462
438, 462
438, 463
438, 464
438, 465
439, 465
440, 465
440, 466
441, 466
442, 466
443, 466
444, 466
445, 466
446, 466
447, 466
448, 466
449, 466
449, 467
449, 468
449, 469
450, 469
451, 469
452, 469
453, 469
453, 470
454, 470
454, 471
454, 472
454, 473
454, 474
455, 474
456, 474
457, 474
458, 474
459, 474
460, 474
461, 474
461, 475
461, 476
461, 477
461, 478
461, 479
462, 479
463, 479
463, 480
463, 481
463, 482
464, 482
465, 482
466, 482
467, 482
468, 482
469, 482
470, 482
470, 483
470, 484
471, 484
471, 485
472, 485
473, 485
474, 485
475, 485
475, 486
476, 486
477, 486
478, 486
478, 487
478, 488
479, 488
480, 488
481, 488
482, 488
482, 489
482, 490
483, 490
484, 490
485, 490
486, 490
487, 490
488, 490
489, 490
490, 490
491, 490
492, 490
493, 490
493, 491
493, 492
493, 493
493, 494
494, 494
494, 495
494, 496
495, 496
495, 497
495, 498
496, 498
497, 498
498, 498
499, 498
499, 499
